6 0 0 0 0 0 0 0 12 0 3 6 22 0 7 0 19 3 20 8 0 4 16 0 28 0 15 0 5 5 14 17 13 29 8 0 23 21 0 18 12 9 0 1 0 0 0 0 0 0 0 10 4 1 0 24 2 25 0 0 0 11 0 0 0 0 0 0 0 0 27 0 0 0 0 0 11 2 7 10 14 26
1 1 21 1 1 1 2 13 1 14 1 11 16 1 24 1 3 1 1 23 0 1 1 9 1 7 11 26 2 4 7 28 3 1 9 27 12 8 22 4 1 1 1 1 1 1 1 1 19 1 17 1 6 1 1 1 1 10 29 1 1 18 1 1 1 1 25 1 12 15 6 13 1 5 0 20 1 5 1 1 1 10
2 2 13 2 1 2 2 26 2 2 17 16 2 2 14 6 6 2 23 2 2 2 8 2 25 29 2 7 2 2 2 13 2 2 12 20 5 18 15 3 1 4 19 14 4 3 2 0 11 9 24 2 2 2 2 22 2 2 11 2 2 2 2 2 2 2 2 2 2 27 10 0 12 8 2 28 2 2 9 5 2 21
3 3 3 8 21 3 17 3 3 3 3 3 3 3 3 4 3 3 22 3 10 3 4 0 8 28 14 9 13 19 6 9 3 1 3 3 3 3 13 3 3 3 3 3 3 3 6 3 27 18 11 16 26 3 3 7 29 23 0 1 11 10 5 7 14 24 2 3 3 3 3 12 3 3 3 3 2 3 3 15 20 25
13 4 15 17 7 3 0 3 4 4 4 4 4 4 8 4 4 18 5 9 16 4 4 19 12 8 2 4 4 4 20 5 24 6 25 0 4 14 26 4 4 4 14 4 4 1 13 4 28 4 4 4 4 4 4 11 9 2 4 22 23 7 1 4 4 12 4 4 4 4 29 4 4 4 27 21 4 4 10 4 10 4
20 13 7 21 6 0 10 5 2 5 25 5 5 1 23 24 5 7 5 17 5 13 5 15 9 11 5 5 5 5 5 5 5 5 5 3 5 9 5 5 5 5 12 8 28 18 5 5 5 5 5 5 16 3 5 10 22 14 6 5 5 5 5 5 0 8 5 5 2 11 5 19 4 5 29 5 1 5 26 5 12 27
6 6 6 6 6 6 6 6 6 13 1 6 5 4 12 6 6 6 21 6 2 6 12 6 1 16 13 6 11 6 6 18 14 6 6 6 3 7 6 29 19 6 3 4 8 9 6 22 6 6 9 6 6 20 6 28 6 6 6 11 0 2 14 5 17 15 7 6 6 25 6 6 6 6 6 6 8 10 24 27 26 23
7 7 7 7 7 7 7 7 10 8 11 7 7 7 7 7 9 7 9 3 7 6 7 2 11 7 24 7 25 7 7 19 18 7 3 26 4 7 16 8 7 7 1 22 14 20 12 4 7 6 28 7 14 2 27 7 7 7 7 12 5 7 7 7 7 7 7 7 17 0 5 7 7 13 7 0 10 15 7 23 21 29
8 26 8 8 14 12 8 8 8 8 27 5 8 7 8 0 4 14 8 8 8 29 8 8 8 8 8 13 9 2 8 8 12 9 8 25 8 8 0 8 3 7 8 8 8 8 23 1 20 8 8 8 22 4 5 1 10 17 8 28 21 8 8 15 10 8 8 3 18 8 8 6 6 8 16 11 8 8 13 24 8 19
8 1 17 6 10 14 7 9 1 9 4 22 18 10 9 7 9 9 9 9 24 2 5 9 9 9 9 9 9 9 8 9 9 9 9 9 9 9 9 9 9 9 16 15 9 9 5 11 9 9 9 2 19 13 0 13 9 6 21 14 12 29 27 26 25 9 4 9 0 28 3 9 9 9 9 9 9 9 9 11 23 20
14 10 0 10 10 10 10 20 10 10 24 29 10 10 10 12 5 1 1 22 10 3 7 10 10 10 8 10 27 7 2 10 9 10 10 21 8 16 28 17 5 10 11 10 0 25 2 10 6 10 4 10 10 12 6 10 10 10 10 10 14 10 10 10 10 18 11 4 10 19 10 15 13 23 26 13 10 10 10 10 10 10
1 10 11 10 0 2 8 12 4 26 11 11 3 2 3 21 11 11 8 11 5 11 11 14 11 11 11 4 11 13 11 11 11 16 6 11 11 27 11 5 9 15 11 11 20 11 11 11 11 11 11 25 24 11 29 11 11 11 11 11 11 11 7 19 11 1 11 6 14 11 28 9 11 17 12 11 11 23 22 11 13 18
12 2 12 7 12 12 27 12 12 9 12 12 10 0 12 12 14 6 19 2 8 11 12 12 12 10 5 12 24 12 11 12 12 7 12 13 12 29 6 9 12 18 12 20 17 0 12 3 21 8 23 12 12 12 16 12 28 12 12 12 12 12 12 4 1 12 13 12 12 12 25 12 12 3 12 12 15 22 14 26 12 4
13 13 13 13 13 1 20 13 13 13 18 21 13 13 27 13 13 2 16 14 7 13 11 10 15 14 13 13 13 13 13 13 13 13 13 13 11 3 13 13 17 1 13 10 13 19 13 25 0 29 5 6 12 13 13 13 13 12 7 23 22 5 8 0 2 9 13 9 3 8 26 13 13 13 13 13 13 4 13 28 13 24
14 14 11 23 14 14 14 5 14 14 20 12 13 14 14 13 14 14 14 14 14 18 14 14 10 14 14 6 14 12 14 10 14 14 5 29 21 14 9 25 4 14 14 14 14 26 22 14 7 14 0 8 14 11 14 14 1 14 17 14 14 16 14 1 14 7 14 15 14 3 24 27 3 0 2 6 4 9 14 19 14 28
15 14 15 15 16 15 18 7 16 21 19 15 15 15 15 15 22 22 15 26 15 15 15 15 15 15 15 21 19 9 17 11 15 2 15 15 15 26 15 13 27 15 29 15 15 15 0 15 18 10 20 4 15 29 15 15 6 24 8 5 1 12 15 15 15 15 20 15 15 15 23 15 27 24 28 3 15 15 28 15 25 17
7 16 16 15 16 16 16 27 16 3 16 16 16 24 19 1 11 16 16 16 16 20 16 12 16 16 16 0 4 16 23 27 15 16 13 6 9 16 16 16 16 14 16 19 16 8 18 28 16 22 26 16 16 28 16 16 16 29 10 16 2 16 24 18 16 16 16 5 16 16 17 16 21 21 16 16 23 25 29 25 17 22
17 3 17 17 17 20 17 17 17 25 17 17 7 17 18 20 17 29 17 17 15 17 14 8 16 0 9 25 17 6 17 17 11 13 27 15 17 19 17 17 17 5 21 23 17 22 17 10 29 17 17 12 2 17 4 16 17 17 17 24 28 17 22 17 17 17 26 18 17 17 17 21 17 17 19 23 26 17 27 1 17 17
19 16 25 20 18 18 18 6 3 22 18 26 18 17 18 18 29 18 18 21 14 18 28 28 19 25 18 5 18 21 18 18 18 18 10 18 15 18 18 18 18 18 13 18 29 18 18 18 18 18 18 23 15 17 2 26 7 11 12 16 18 18 18 18 18 18 24 18 18 23 8 4 0 18 9 27 18 24 20 18 1 18
19 4 19 1 29 18 19 19 6 2 19 3 19 15 19 28 19 19 19 16 25 26 19 19 19 19 18 19 19 19 24 19 26 14 23 28 17 19 5 19 19 20 19 19 13 19 11 27 19 17 8 7 19 19 15 12 24 27 20 10 19 22 21 19 19 0 16 19 23 19 19 19 9 19 19 19 25 19 19 19 22 19
20 0 6 20 20 20 20 20 20 28 20 25 28 29 9 20 17 20 20 20 20 20 20 20 20 20 27 20 18 16 20 8 21 18 15 20 24 22 11 19 25 20 20 20 20 20 1 5 20 14 20 24 10 20 13 15 20 26 20 2 20 23 12 29 19 27 20 7 4 16 20 20 20 22 23 20 21 3 20 20 20 20
17 21 21 21 21 16 14 21 21 21 12 21 15 21 10 21 23 19 21 21 27 21 20 21 21 9 22 21 23 21 18 21 21 5 22 21 21 21 29 16 28 21 21 21 21 24 24 15 21 26 29 21 21 21 3 25 13 7 21 0 21 8 21 17 11 2 28 1 27 26 20 21 21 21 6 21 21 21 19 4 21 21
28 27 22 2 17 22 19 8 13 22 16 22 22 26 22 27 22 22 22 22 22 21 22 6 29 15 22 20 14 23 25 12 29 22 22 11 25 22 22 24 18 22 23 22 21 22 22 22 22 22 18 5 22 22 1 22 22 22 22 22 22 22 22 10 22 17 0 26 16 4 19 22 7 22 3 9 24 22 22 20 22 22
23 6 12 23 23 15 24 0 14 5 28 7 26 13 23 18 23 24 23 23 28 17 15 23 21 19 23 10 23 23 23 21 25 23 23 9 23 25 17 23 16 23 23 23 3 23 23 18 22 11 23 23 29 27 23 29 20 23 23 23 23 23 2 23 4 26 8 19 23 23 23 22 20 23 23 23 23 23 1 23 23 23
15 24 16 0 23 6 24 17 25 4 24 17 2 24 24 24 28 24 14 20 24 15 1 21 26 20 24 27 24 24 24 24 24 24 24 18 24 28 24 24 24 21 8 3 9 24 24 29 16 5 24 24 24 22 26 24 24 24 23 24 18 25 24 24 22 24 24 24 10 12 24 7 11 24 13 19 24 24 24 24 27 24
23 24 25 25 20 25 25 21 25 25 25 25 8 14 22 15 13 9 17 6 25 27 19 25 25 25 28 25 25 26 25 29 25 10 25 25 25 25 18 25 25 22 25 21 15 25 25 25 5 1 27 25 25 19 23 25 11 25 28 25 20 25 18 2 25 16 25 0 26 25 25 29 17 4 7 12 25 25 3 25 25 25
2 26 19 25 12 10 6 26 17 26 26 26 26 26 15 29 27 20 15 26 22 26 26 23 26 27 23 26 29 26 13 24 26 22 24 26 28 26 26 26 7 3 20 11 16 26 26 14 9 26 26 1 26 21 26 26 17 26 4 25 26 28 0 26 18 26 26 26 26 26 26 16 26 18 26 5 26 8 26 26 26 26
12 27 22 28 18 25 27 27 8 10 27 15 19 3 27 27 27 16 29 27 27 27 26 25 20 27 27 27 27 28 27 27 2 23 27 27 27 27 24 26 27 6 0 18 1 11 17 27 27 4 27 27 21 27 27 14 16 27 22 29 19 17 27 23 7 27 5 24 27 27 27 27 27 9 27 27 13 21 27 27 27 27
28 7 3 28 13 22 16 19 20 28 28 4 28 21 28 28 28 11 18 27 28 1 28 28 28 28 28 12 17 28 27 28 5 24 28 28 28 28 28 23 28 10 25 29 28 15 26 28 28 0 28 21 25 28 14 28 28 22 28 28 28 28 15 24 16 29 28 2 6 28 28 20 26 19 28 28 9 17 28 28 8 28
3 21 8 13 29 7 25 9 21 0 26 29 4 29 28 29 29 29 29 11 20 29 22 20 29 29 16 19 29 24 5 29 29 29 28 29 27 29 29 29 24 23 29 29 29 23 25 29 29 29 29 27 29 29 29 29 29 29 29 29 26 29 10 29 15 29 14 12 15 17 29 29 1 6 29 16 18 19 29 18 2 29
