15 1 0 0 18 22 14 0 0 0 10 0 25 26 2 29 9 0 0 0 0 0 0 0 0 0 0 8 5 16 5 14 24 8 3 17 27 21 19 28 0 0 0 0 0 0 0 0 0 0 0 4 4 7 23 12 12 6 0 0 0 0 0 0 0 13 1 11 2 0 20 0 0 0 3 10 0 0 7 6 11 0 
1 1 1 1 4 1 5 6 7 2 17 9 10 10 13 1 1 1 1 11 7 1 1 22 26 3 19 16 13 24 4 1 1 1 1 1 6 8 1 1 1 1 0 1 1 1 1 1 1 1 29 27 28 20 1 1 5 11 1 3 1 14 2 1 1 1 1 1 1 1 1 0 1 25 9 21 12 1 23 15 18 12 
4 6 17 19 3 2 2 2 29 2 2 2 4 21 2 2 2 2 2 2 2 2 12 18 9 2 2 2 11 8 8 24 22 15 13 13 10 2 2 2 2 0 2 2 2 2 14 0 1 2 2 20 9 28 26 3 11 16 2 2 2 2 2 5 27 25 2 2 2 1 23 14 12 2 7 2 2 2 2 2 6 5 
14 10 0 3 3 11 12 26 28 17 15 18 23 25 3 1 3 5 3 3 3 3 3 21 3 3 3 3 4 4 3 3 7 13 3 9 9 13 1 3 24 29 22 7 3 3 3 3 3 3 0 3 3 3 3 3 27 19 8 3 6 16 8 3 3 3 3 2 20 3 3 3 3 3 3 3 14 2 3 11 10 6 
4 16 9 4 4 4 4 0 8 0 4 4 4 4 4 4 2 1 2 13 4 4 4 4 4 4 28 3 4 4 4 4 11 26 18 5 29 14 8 12 12 4 4 9 5 17 4 4 4 4 4 4 4 21 3 1 4 4 10 22 13 24 14 20 4 4 4 4 4 4 4 6 25 27 19 15 23 4 10 4 7 7 
12 11 5 5 11 5 5 5 5 10 2 2 5 27 19 21 5 5 5 5 5 12 13 8 22 28 25 5 5 5 5 5 5 5 5 5 5 9 5 9 5 5 29 17 5 5 23 20 6 18 6 3 13 26 5 5 5 5 16 5 5 5 10 5 5 5 3 1 1 0 4 8 14 24 15 7 0 5 5 7 5 5 
6 6 1 3 29 5 6 6 16 26 27 6 6 23 8 4 6 6 8 0 3 6 6 6 13 14 10 2 6 6 6 6 6 12 12 6 6 6 2 1 6 15 21 6 6 9 6 6 6 14 6 6 7 6 18 9 4 6 11 11 6 13 19 28 25 5 6 6 6 6 6 6 6 6 22 20 17 7 24 6 6 6 
7 7 11 1 8 7 13 14 7 7 7 10 21 29 24 7 7 11 7 7 7 7 28 27 19 18 14 7 7 7 7 7 7 16 5 7 5 6 9 7 7 7 7 7 7 7 0 4 4 2 7 7 7 7 7 7 7 23 20 12 12 8 26 17 0 3 2 10 15 25 9 22 3 6 7 7 7 7 7 7 7 7 
10 12 8 8 8 8 2 22 8 8 24 27 17 19 8 8 7 8 8 8 9 28 8 8 14 12 20 8 8 8 8 8 1 8 8 8 8 8 8 3 5 8 8 0 6 3 4 1 14 13 15 25 29 11 8 16 7 5 8 8 8 8 8 18 8 8 4 6 26 9 8 8 0 8 8 8 10 23 13 21 8 8 
17 9 9 9 9 18 27 19 9 7 9 9 6 20 11 8 9 9 24 8 9 9 1 0 9 9 9 7 14 5 15 6 9 9 25 9 9 9 9 9 9 4 9 9 9 9 9 11 10 3 21 23 9 9 9 9 10 22 13 14 5 9 9 0 28 26 13 9 9 9 9 9 1 2 9 9 9 4 2 12 29 16 
10 10 10 11 10 12 23 20 12 10 10 10 10 10 10 25 28 29 0 10 2 4 10 6 0 9 10 10 10 7 7 4 5 10 1 10 10 16 5 14 10 8 26 22 13 11 21 17 10 10 10 10 3 10 10 10 10 10 10 10 2 10 10 24 19 10 10 10 6 27 1 13 18 15 10 10 10 10 10 14 10 8 
1 11 11 11 11 11 11 24 5 8 9 4 18 11 11 11 11 11 11 11 12 13 10 29 25 17 2 11 11 11 11 3 11 20 11 15 28 27 16 7 1 11 11 11 11 11 3 11 0 4 2 22 12 11 11 11 11 11 11 11 11 26 9 11 5 19 11 11 11 6 8 11 6 23 14 14 21 10 11 11 11 13 
12 12 21 5 9 12 12 12 12 27 26 0 13 4 3 7 12 12 17 12 12 12 12 12 12 12 12 10 8 6 14 12 12 12 12 22 25 29 14 12 12 12 11 2 2 7 6 3 12 28 18 13 12 12 11 12 12 12 12 12 12 9 0 1 24 4 10 15 12 12 19 20 12 8 16 23 12 12 12 12 12 12 
6 7 13 18 15 13 13 12 14 20 13 22 13 13 13 13 1 8 13 13 13 13 13 13 13 0 0 14 13 11 11 5 9 13 13 13 26 13 13 13 9 21 24 13 13 29 27 25 28 13 7 13 13 10 1 19 23 13 13 13 13 13 17 3 8 13 13 13 4 3 16 13 13 13 10 2 2 12 13 13 5 13 
14 14 20 4 25 13 14 14 14 14 14 23 5 28 27 19 16 6 7 10 0 0 15 14 14 14 14 14 14 14 14 14 14 9 8 10 24 14 14 14 7 1 2 13 3 14 14 14 14 14 17 29 18 6 5 26 14 12 14 14 22 14 14 11 3 1 11 4 9 14 14 14 14 14 14 14 14 14 12 14 14 21 
15 17 19 29 15 21 24 18 22 18 15 15 15 15 10 2 11 15 15 15 17 25 15 15 4 16 15 15 15 15 15 15 15 15 15 15 23 26 22 13 6 15 15 26 27 16 15 21 15 15 15 15 24 3 7 28 19 27 14 5 0 15 15 15 1 8 29 15 15 15 15 9 20 15 15 15 15 20 28 15 12 15 
16 16 16 9 21 1 21 5 16 16 25 15 29 22 16 11 16 24 16 7 23 17 18 12 3 16 16 16 16 16 16 26 16 16 27 27 17 16 16 16 16 16 8 16 16 16 16 28 15 0 10 6 20 16 16 16 16 16 16 16 16 16 16 16 16 18 16 23 25 4 16 19 13 22 16 24 28 19 29 2 14 16 
17 17 17 21 10 7 11 2 0 17 17 17 17 15 21 13 5 22 17 17 17 17 3 4 12 17 29 20 20 14 6 1 16 17 29 17 17 17 17 16 17 26 17 17 17 17 18 17 17 25 17 15 23 23 24 22 18 17 17 17 17 25 17 17 17 17 17 26 17 17 17 17 27 19 8 9 17 17 17 28 27 19 
19 14 13 18 18 18 18 18 18 18 18 18 18 11 4 20 12 18 18 18 18 1 18 18 18 18 15 23 19 28 21 22 26 25 18 6 8 2 29 18 10 7 9 21 0 18 18 23 18 18 18 18 18 18 18 5 18 18 17 16 16 18 18 18 18 18 17 29 18 18 28 27 18 3 18 25 26 24 20 24 18 15 
19 19 19 19 19 27 28 19 23 22 14 6 27 19 19 19 20 21 13 18 19 19 4 15 19 19 19 19 19 19 3 8 12 5 19 7 22 17 19 18 0 24 17 16 9 1 16 19 19 19 19 28 26 24 19 19 19 19 23 10 11 2 19 19 19 19 25 25 29 15 19 19 19 19 19 26 20 19 19 19 19 19 
20 29 20 26 19 28 20 20 24 20 20 20 20 20 20 20 20 12 11 5 4 3 0 13 20 20 20 20 20 21 16 15 15 20 20 8 21 22 17 27 27 23 23 20 20 18 9 20 25 22 19 20 20 20 10 7 20 20 20 2 1 28 25 20 16 29 6 20 20 18 20 20 20 14 20 20 20 20 20 20 20 24 
21 21 21 21 21 21 21 27 9 14 4 21 21 21 21 21 24 21 22 17 18 7 21 21 21 20 12 11 16 21 21 29 25 29 19 23 21 21 21 21 2 21 21 21 16 5 21 21 3 15 21 10 21 21 21 21 21 13 1 0 24 15 28 27 26 17 26 20 21 23 6 21 22 21 21 21 21 28 19 21 8 21 
21 26 16 23 22 22 20 22 22 22 20 22 22 22 22 22 22 22 22 22 25 19 27 22 22 29 23 27 28 22 22 22 22 1 15 22 22 22 22 29 17 5 22 22 7 2 25 6 17 22 22 22 21 9 8 22 26 22 22 22 22 18 18 16 4 10 24 24 12 14 3 22 22 22 22 22 22 0 11 13 19 22 
26 28 28 23 23 23 23 23 23 24 7 23 23 23 22 27 29 2 3 23 23 9 6 25 18 25 23 23 15 15 22 12 29 17 24 23 23 23 21 21 26 23 23 1 20 14 23 23 23 10 23 23 23 23 23 23 23 23 23 13 8 5 16 19 18 23 23 23 11 23 23 17 19 23 23 23 23 23 23 4 20 0 
7 9 10 8 22 2 24 24 24 24 24 25 15 13 24 24 24 24 24 15 19 27 25 26 20 4 16 5 6 24 24 24 24 24 24 24 24 28 28 26 24 24 24 20 11 0 1 29 23 24 23 18 24 24 24 21 16 17 27 17 24 24 24 24 24 24 24 24 18 12 14 3 24 24 21 24 22 24 24 24 24 24 
28 19 5 25 25 8 4 28 18 29 25 25 25 25 25 25 22 18 15 23 25 25 25 25 25 25 25 15 27 19 26 25 25 25 25 25 25 23 13 2 16 11 7 6 17 26 25 25 25 25 25 25 27 12 21 10 14 20 0 25 29 25 25 25 25 25 25 25 25 25 17 21 25 25 25 25 9 1 3 20 24 22 
26 26 26 26 26 23 18 26 27 26 26 17 20 26 16 22 3 0 16 2 13 6 8 26 26 19 9 29 10 27 26 26 26 26 20 24 26 26 26 26 26 26 26 26 26 26 15 14 12 1 4 7 26 26 26 26 26 18 22 25 26 26 26 25 26 26 26 26 26 26 15 11 24 21 23 26 26 17 5 29 28 28 
20 21 8 0 26 27 27 27 27 27 27 27 27 27 27 27 6 9 1 12 28 27 27 27 29 2 3 27 27 27 28 25 14 24 27 27 27 27 26 27 27 16 4 27 27 27 27 19 18 24 22 27 27 18 16 11 27 27 27 29 17 10 15 27 27 23 23 13 21 27 27 27 27 27 25 22 7 5 17 19 27 27 
28 28 28 25 23 28 28 28 28 16 13 20 22 28 20 24 28 15 5 22 28 28 28 14 21 28 28 19 28 28 28 7 6 10 11 1 28 28 28 28 29 12 15 27 26 27 28 28 28 28 25 28 28 28 19 28 21 4 2 8 26 28 28 28 28 24 16 9 17 17 28 28 29 0 18 3 28 28 28 28 28 28 
16 29 26 29 29 4 6 23 29 29 18 21 29 29 25 29 29 29 18 3 5 2 21 29 29 29 29 29 7 22 24 29 29 29 29 25 29 29 29 29 29 29 29 11 1 29 28 29 19 19 29 29 29 16 9 23 20 10 12 29 29 0 24 15 17 29 29 29 29 26 27 28 29 13 20 8 15 14 29 29 29 27 
